25002
25009
25011
25016
25028
25034
25035
25036
25037
25042
25047
25054
25067
25068
25071
25072
25073
25077
25081
25083
25086
25087
25088
25089
25091
25092
25094
25095
25096
25099
25100
25103
25104
25105
25106
25107
25108
25109
25110
25111
25115
25117
25119
25121
25122
25123
25124
25125
25126
25127
25129
25131
25132
25135
25136
25138
25139
25140
25141
25142
25143
25147
25149
25151
25152
25154
25155
25156
25157
25158
25159
25162
25164
25165
25167
26288
26686
42725
43750
44504
44507
44512
45504
45802
46101
49705
175600
175601
175603
175605
175606
175607
175608
175612
175613
175614
175615
175620
175622
175623
175624
176740
242885
245114
245881
254487
256247
257548
259979
260121
261227
261274
262704
266271
268453
274124
274335
274338
280696
287737
288797
293473
294100
296976
302242
305201
320590
343312
352237
354635
359549
361680
364911
364919
365291
365598
365920
367646
375201
380564
380805
382999
395097
414182
418051
420482
421210
431127
440759
443402
446060
446367
451471
452876
453887
456040
456467
457724
459462
465105
466277
466657
468304
468636
473000
495071
495712
497122
536730
550612
571241
572108
581118
613872
626883
651453
687174
687222
696618
713187
752235
816600
843431
849616
905702
907319
1014270
1067235
1075379
1097088
1134953
1223909
1229838
1230670
1287873
1328908
1328919
1356911
1383555
1440755
1440829
1468312
1476195
1480724
1522663
1522815
1531049
1533989
1565263
1587613
1603134
1604558
1604632
1670525
1673134
1704897
1710589
1727755
1735385
1790832
1848665
1905748
1910792
1910794
1915489
1998642
2039554
2243208
2271321
2278987
2278992
2311236
2362674
2372988
2402495
2573444
2573445
2587222
2644935
2658473
2726318
2840857
2976396
3086539
3234770
3326869
3408102
3643629
3760784
3761316
3776145
3792304
3924185
4162163
4162201
4400811
4400838
4697620
4698200
4759017
5003414
5276605
5378811
5531763
5655989
5683394
5736306
5887819
5998811
6080499
6223020
6232334
6348464
6417779
6423393
6424754
6424763
6424768
6712868
6713231
7055103
7055110
7084541
7317344
7376261
7454417
7454820
7571062
7617310
7617449
8352231
8391157
8428723
8526658
8695744
8800616
8826829
8831938
8926507
8952106
9027866
9110665
9142970
9154751
9215436
9215665
9220453
9300021
9300091
9345050
9355425
9406567
9464561
9464563
9485091
9655898
9666160
9717330
9731108
9859828
9859844
10033121
10191138
10242677
10277180
10279922
10325750
10338066
10383873
10421754
10421921
10429305
10447777
10461317
10575885
10606214
10642213
10668583
10683404
10702832
10759629
10793164
10814754
10815549
10826158
10860771
10862637
10862813
10862973
10863856
10864519
10869072
10869167
10869686
10869895
10874457
10874673
10875335
10875481
10875733
10875929
10878456
10878555
10879207
10945860
10952840
11008330
11032674
11037850
11202234
11218172
11433240
11715293
11740290
11744179
11860000
12091699
12179617
12232334
12232357
12323978
12331095
12466361
12520267
12546028
12593105
12598484
12629339
12648431